4718
3724
2664
3581
644
3833
4414
3148
3325
4204
2324
3327
3921
2673
4838
4428
4652
1905
3709
1987
4074
3637
3282
3249
4054
2571
3259
2776
2361
1924
3926
4095
4909
374
4291
463
4487
3182
1963
4575
2920
4407
3555
1766
4260
2754
3349
3407
3792
4833
1988
3549
3142
1558
2691
4795
4417
1071
1998
498
2972
2079
3811
4728
4096
4809
3630
4600
2437
4645
4638
4188
3190
2500
4618
1837
3816
3779
2019
2964
4998
567
2527
2291
4020
2564
2950
4213
3574
2769
3888
4531
2880
4004
2308
862
3172
2755
2576
4379
3742
3746
2970
4400
3893
4041
3072
4768
4619
3346
4558
2498
3303
3817
2914
3753
4630
4877
4437
4301
3813
4021
4063
3228
2144
2433
4843
1639
2102
4460
2365
4110
2838
2412
3131
2934
871
4954
2318
2101
2779
1767
1765
3548
4991
3760
2622
3112
1781
706
4823
3192
3730
4287
3828
2027
3470
3507
3445
4466
1370
4667
3679
3809
3438
4355
1642
4765
2230
2607
2410
1072
3865
2441
2385
3458
3899
3369
3471
2870
2951
4003
3744
4384
3469
1954
4170
1367
4601
3530
2787
3323
3773
3659
2783
2918
1631
4699
1901
1369
4492
4878
3824
2293
3526
3571
4289
3941
206
4806
4542
2063
4481
3662
2830
4356
3802
4354
636
1108
646
4039
2768
1425
4750
3887
4914
4959
3856
2556
3268
3847
4394
2841
777
1784
3687
3271
4461
2742
3296
4408
3299
4792
4180
2388
2910
2853
4338
2963
879
566
3768
4915
4473
3857
4672
4157
4411
3362
3749
2111
4376
3566
2679
4413
4845
2730
1761
4634
2694
4763
4615
2846
3634
2775
2093
4211
3924
2075
2957
3262
2832
4283
2381
2223
4434
3685
2510
2590
4711
2342
2289
4839
3536
4215
2996
4647
4995
1872
3788
3134
4478
2878
4504
2678
3745
4386
4279
3600
3468
4245
3396
2472
4585
3491
3914
3374
4580
4755
4957
4217
2501
3563
4743
3264
2366
4720
3713
2392
4804
4819
2009
4635
2836
4754
3165
2136
2932
3024
3256
2693
4797
2052
2877
3700
4748
4251
4942
4468
3654
4829
4791
3585
4406
3049
3227
3479
3537
3226
1701
3678
1598
3556
3727
4671
2912
3441
2839
4314
4918
1949
4782
3902
4949
4369
1102
4620
4068
2502
2977
4834
4002
4767
2515
4259
3143
4556
2232
626
3278
3525
2579
2803
3553
3064
4403
3316
1798
3145
1695
3853
3047
2548
2446
3632
4169
4946
4551
2123
4098
2810
4967
4033
4092
3976
3998
4648
4273
2546
4320
4219
3872
3448
3728
3677
3048
3837
3389
1811
632
1704
3589
2287
3765
2688
3985
2603
3683
4896
4424
2049
3082
2680
1865
4785
4733
957
3425
3950
3360
3219
4694
3916
4390
2341
4840
3144
4399
3706
3657
4360
3918
3711
4712
4654
2685
4779
2197
2864
2108
4810
3113
3778
4970
4552
3686
3596
3818
4433
3915
3931
2130
4067
4686
2561
3643
1723
2434
4174
2542
3368
3111
4345
2746
4933
1674
3652
2208
4243
2042
4818
3994
3908
3427
4027
4744
4115
3628
4062
3101
2899
2438
3874
4308
3466
3767
3522
2993
3422
4879
2109
3028
4047
3324
4925
3764
2105
1771
3785
4106
2734
2931
4775
4557
1688
4574
2349
4594
3805
1694
3541
4488
4479
3825
3808
2169
4257
3244
3929
3301
4031
2106
4436
4220
4961
2222
3903
4455
3955
3946
2129
2834
4644
4724
1617
1189
1471
2408
4330
4476
3584
3949
2995
3447
4757
4673
3800
2288
3409
3320
4882
2283
3446
2505
2043
3861
4844
3875
4343
4344
4395
4477
4746
4216
3141
3315
3784
4393
3083
2923
1986
649
3410
4038
2854
4472
1628
622
4572
4149
4640
2819
4072
3793
1622
1792
4008
2373
4739
2435
2835
3999
2461
878
2246
2504
3979
2684
4545
4963
3051
2781
3615
4288
2811
3309
4331
1770
3534
3599
3429
3245
3807
2780
3675
2483
3426
4005
3740
2386
2541
3892
2566
4146
3304
3586
4736
4435
2750
4073
3626
3726
2741
3442
3771
3476
4825
3348
3006
4626
1913
4981
2868
3704
4745
3681
2747
3461
3591
4764
3846
4429
4148
4346
4066
3008
3333
3041
3911
4173
4683
2020
1687
3496
4881
3160
2068
4415
2146
3590
3783
2562
2005
3025
2939
3731
3285
2067
4788
4642
2771
1975
1822
4227
4223
1616
4432
3552
4371
2219
2821
3925
3498
4184
3676
3518
4075
1581
3382
1774
3520
4649
4050
4916
2523
639
4244
4286
1678
4423
4993
3547
1985
2025
4921
4246
4124
4821
2071
4564
4144
4200
3261
1485
2960
3938
4696
2382
4486
3419
3504
2777
2888
3561
4226
4128
650
4875
1979
4931
3932
2237
4458
4483
1553
3775
2294
2567
3501
1951
2225
1944
4707
3841
4258
4668
3693
2110
2447
3232
2572
2306
2315
1069
4741
4001
4030
3751
3223
2651
3770
2806
4941
4274
3666
1989
1796
2752
4948
4636
2922
3889
3554
3472
3118
4412
4171
4323
3250
2384
4760
3435
1563
3544
2689
2630
3821
3317
2151
4444
3490
4617
2047
3701
4201
4919
4603
3012
2290
4752
4951
3608
4506
2220
4740
1948
2695
2393
986
4192
4125
3465
2244
4505
3045
4359
102
3814
3506
806
2333
2745
2966
4555
1929
1624
4238
2077
1788
4987
2178
2875
3108
2492
1655
3786
2239
3651
3977
4276
2969
3480
1690
2814
128
3500
4126
3039
4089
3877
3493
2700
3983
4632
3890
410
1313
2507
3531
2860
3559
3849
4335
3269
1685
2228
3125
3919
4805
4443
4249
4158
648
3313
3696
4019
3699
628
2657
4870
4430
3729
3668
1997
4846
4554
2919
1067
326
869
3557
867
448
2624
4374
4321
3026
3408
3267
2538
4584
2187
4212
2074
3388
3305
2798
4065
2737
3635
2238
4715
4569
2620
4721
3851
2808
2281
2081
1727
3558
1886
4913
1486
4625
3110
2770
4060
4159
4685
3543
4007
4064
4936
4309
2113
2979
3398
3095
1350
3803
4381
3330
3904
4498
4295
3011
4396
3322
1777
3827
4567
2794
2177
2503
103
3747
3881
2907
4203
926
2965
2971
2748
3414
4166
4237
4419
881
1705
4777
4298
3995
4990
2855
4416
4606
2069
2062
4639
3993
3823
3067
3750
647
4254
4141
4120
2928
1559
4927
3253
3611
4923
4009
1982
4358
4803
3366
4000
4656
3601
4388
3602
3848
4533
2812
4239
1773
4800
4087
4553
2321
2409
3937
4025
4811
2300
3191
4820
3428
2331
3105
4113
3482
4989
4418
2665
4761
1873
3462
1508
4028
2936
3970
2675
4906
2948
3367
2681
1950
4311
3246
4389
2003
3944
3806
2753
4334
1070
3943
3577
4029
2925
4624
3450
75
1952
3412
4784
369
2962
2334
2858
4242
3829
2097
68
74
4205
2697
4016
3658
3464
3894
3286
2642
4938
2804
2997
4264
3702
2436
4333
2206
3350
3421
3399
2143
686
631
3980
2953
2967
4962
828
4960
4627
4402
1888
4771
2857
3521
3568
3947
641
3444
4939
4562
78
4659
3397
3497
3171
2316
3034
3855
4997
4465
3529
3115
4221
4280
2715
4774
2312
2785
1894
2235
2640
3157
4751
3981
4723
4926
3505
3467
2829
4272
3655
